-------------------------------------------------------------------------------
LEV PRES  HGHT  TEMP  DEWP  RH  DD   WETB DIR SPD THETA THE-V THE-W THE-E   W
     mb     m     C     C    %   C     C  deg knt   K     K     K     K    g/kg
-------------------------------------------------------------------------------
  0 1000    83                                                                 
  1  925   774                                                                 
SFC  854  1453  14.4  -1.6  33 16.0   6.5 275   3 300.8 301.6 286.4 312.9  3.98
  3  850  1511  15.8  -1.2  31 17.0   7.2 305   8 302.7 303.5 287.2 315.3  4.12
  4  848  1531  16.4  -1.6  29 18.0   7.3 306   9 303.5 304.3 287.3 315.8  4.01
  5  840  1612  17.8  -2.2  26 20.0   7.6 308  12 305.8 306.5 288.0 317.8  3.87
  6  823  1786  17.2  -1.8  27 19.0   7.4 314  19 307.0 307.7 288.6 319.6  4.07
  7  708  3044   6.2  -5.8  42 12.0   0.7 310  24 308.3 309.0 288.5 319.3  3.50
  8  700  3137   5.4  -6.6  42 12.0  -0.0 305  24 308.5 309.1 288.4 318.9  3.33
  9  642  3835  -1.5  -8.5  59  7.0  -4.4 307  28 308.4 308.9 288.2 318.2  3.13
 10  631  3973  -1.9 -11.9  46 10.0  -5.7 305  28 309.4 309.9 287.8 317.2  2.43
 11  611  4228  -4.1 -12.1  54  8.0  -7.1 301  27 309.8 310.2 288.0 317.7  2.47
 12  590  4503  -6.9 -10.7  74  3.8  -8.4 293  26 309.6 310.2 288.3 318.7  2.87
 13  577  4676  -8.3 -13.1  68  4.8 -10.0 287  28 310.0 310.4 288.0 317.7  2.41
 14  567  4812  -8.1 -18.1  44 10.0 -11.2 283  31 311.7 312.1 287.8 317.1  1.62
 15  539  5204 -11.3 -21.3  43 10.0 -14.1 285  36 312.5 312.7 287.7 316.8  1.29
 16  535  5261 -10.5 -26.5  26 16.0 -14.4 286  36 314.1 314.3 287.7 316.9  0.82
 17  526  5391 -11.3 -28.3  23 17.0 -15.2 288  37 314.7 314.8 287.8 317.1  0.71
 18  518  5509 -11.9 -24.9  33 13.0 -15.2 290  39 315.3 315.5 288.3 318.7  0.98
 19  511  5613 -11.5 -23.5  36 12.0 -14.7 292  39 317.0 317.3 289.0 320.9  1.12
 20  500  5780 -12.5 -24.5  36 12.0 -15.6 295  41 317.8 318.0 289.2 321.4  1.05
 21  476  6152 -15.5 -26.5  38 11.0 -18.1 295  41 318.6 318.8 289.3 321.8  0.92
 22  446  6639 -18.1 -33.1  26 15.0 -20.9 299  45 321.3 321.4 289.8 323.2  0.53
 23  434  6841 -19.9 -29.9  41 10.0 -21.9 300  47 321.5 321.7 290.0 324.1  0.74
 24  421  7066 -21.3 -34.3  30 13.0 -23.5 302  49 322.6 322.6 290.1 324.4  0.50
 25  410  7260 -22.5 -31.5  44  9.0 -24.2 304  50 323.5 323.6 290.5 325.9  0.67
 26  400  7440 -23.9 -35.9  32 12.0 -25.8 305  52 323.9 324.0 290.5 325.6  0.45
 27  395  7532 -24.3 -41.3  19 17.0 -26.5 307  53 324.6 324.6 290.5 325.6  0.26
 28  375  7909 -27.5 -48.5  12 21.0 -29.5 313  56 325.2 325.2 290.5 325.7  0.12
 29  344  8524 -33.3 -49.3  19 16.0 -34.6 319  61 325.4 325.5 290.6 325.9  0.12
 30  326  8899 -36.7 -47.7  31 11.0 -37.5 322  64 325.8 325.8 290.7 326.4  0.16
 31  305  9357 -40.5 -53.5  24 13.0 -41.2 328  66 326.7 326.8 290.9 327.1  0.09
 32  300  9470 -41.5 -54.5  23 13.0 -42.1 330  66 326.9 326.9 290.9 327.2  0.08
 33  289  9722 -43.7 -54.7  29 11.0 -44.2 330  68 327.2 327.3 291.0 327.6  0.08
 34  279  9958 -45.3 -56.3  28 11.0 -45.7 330  70 328.3 328.3 291.3 328.5  0.07
 35  272 10127 -46.9 -54.9  40  8.0 -47.2 330  71 328.3 328.3 291.3 328.6  0.08
 36  263 10349 -48.7 -55.7  44  7.0 -49.0 330  72 328.9 328.9 291.5 329.2  0.08
 37  250 10680 -51.3 -58.3  43  7.0 -51.5 330  75 329.8 329.8 291.7 330.0  0.06
 38  224 11383 -56.7 -63.7  41  7.0 -56.8 330  85 332.0 332.0 292.3 332.2  0.03
 39  213 11700 -59.5 -66.5  40  7.0 -59.6 330  88 332.4 332.4 292.4 332.5  0.02
 40  200 12090 -63.1 -70.1  38  7.0 -63.1 325  87 332.8 332.8 292.5 332.9  0.02
 41  197 12183 -64.1 -71.1  38  7.0 -64.1 325  86 332.7 332.7 292.4 332.7  0.01
 42  194 12277 -63.1 -71.1  33  8.0 -63.2 325  86 335.7 335.7 293.3 335.8  0.01
 43  184 12603 -61.7 -71.7  25 10.0 -61.8 321  77 343.1 343.1 295.1 343.2  0.01
 44  171 13056 -62.5 -74.5  18 12.0 -62.6 313  64 349.1 349.1 296.4 349.1  0.01
 45  165 13278 -58.9 -74.9  11 16.0 -59.1 311  65 358.7 358.7 298.4 358.7  0.01
 46  162 13393 -58.5 -77.5   7 19.0 -58.7 310  66 361.3 361.3 299.0 361.3  0.01
 47  157 13591 -56.3 -79.3   4 23.0 -56.6 312  59 368.2 368.2 300.2 368.3  0.00
 48  152 13796 -56.7 -86.7   1 30.0 -57.0 314  51 371.0 371.0 300.7 371.0  0.00
 49  150 13880 -56.1 -88.1   1 32.0 -56.4 315  48 373.4 373.4 301.2 373.4  0.00
 50  146 14052 -55.7 -87.7   1 32.0 -56.1 320  48 377.0 377.0 301.8 377.0  0.00
 51  142 14228 -57.1 -89.1   1 32.0 -57.4 318  45 377.6 377.6 301.9 377.6  0.00
 52  134 14594 -57.9 -89.9   1 32.0 -58.2 314  39 382.5 382.5 302.6 382.5  0.00
 53  120 15291 -57.3 -89.3   1 32.0 -57.6 315  36 395.8 395.8 304.6 395.8  0.00
 54  115 15559 -58.9 -89.9   1 31.0 -59.2 314  37 397.7 397.7 304.9 397.7  0.00
 55  108 15952 -59.5 -90.5   1 31.0 -59.8 312  39 403.8 403.8 305.7 403.8  0.00
 56  100 16430 -62.7 -92.7   1 30.0 -62.9 310  41 406.6 406.6 306.1 406.6  0.00
 57   89 17143 -65.5 -94.5   1 29.0 -65.7 320  38 414.8 414.8 307.1 414.8  0.00
 58   80 17795 -63.3 -93.3   1 30.0 -63.6 328  35 432.1 432.1 309.1 432.1  0.00
 59   77 18029 -64.3 -94.3   1 30.0 -64.6 332  34 434.8 434.8 309.3 434.8  0.00
 60   73 18359 -60.5 -91.5   1 31.0 -60.9 336  31 449.5 449.5 310.8 449.5  0.00
 61   70 18620 -60.5 -91.5   1 31.0 -60.9 340  22 455.0 455.0 311.3 455.0  0.00
 62   66 18986 -62.7 -92.7   1 30.0 -63.0 310  19 457.9 457.9 311.6 457.9  0.00
 63   63 19274 -61.5 -92.5   1 31.0 -61.9 287  17 466.7 466.7 312.4 466.7  0.00
 64   60 19576 -63.3 -93.3   1 30.0 -63.6 262  14 469.2 469.2 312.5 469.2  0.00
 65   59 19680 -61.3 -92.3   1 31.0 -61.7 254  13 476.0 476.0 313.1 476.0  0.00
 66   57 19894 -62.1 -92.1   1 30.0 -62.5 236  12 478.9 478.9 313.4 478.9  0.00
 67   56 20004 -60.3 -91.3   1 31.0 -60.8 227  11 485.4 485.4 313.9 485.4  0.00
 68   50 20710 -61.5 -92.5   1 31.0 -62.0 170   5 498.6 498.6 314.8 498.6  0.00
 69   48 20963 -62.3 -92.3   1 30.0 -62.7 227   6 502.5 502.5 315.1 502.5  0.00
 70   45 21363 -60.5 -91.5   1 31.0 -61.1 311   7 516.2 516.2 316.1 516.2  0.00
 71   44 21504 -57.7 -89.7   1 32.0 -58.6 316   5 526.4 526.4 316.7 526.4  0.00
 72   41 21948 -59.5 -90.5   1 31.0 -60.2 286  10 532.7 532.7 317.1 532.7  0.00
 73   37 22591 -58.9 -89.9   1 31.0 -59.7 350  10 550.1 550.1 318.1 550.1  0.00
 74   33 23315 -55.7 -87.7   1 32.0 -57.1  60  11 576.9 576.9 319.5 576.9  0.01
 75   30 23920 -57.1 -89.1   1 32.0 -58.4 105   4 589.0 589.0 320.1 589.0  0.00
 76   29 24134 -57.5 -89.5   1 32.0 -58.7 152   3 593.6 593.6 320.3 593.6  0.00
 77   26 24829 -53.5 -86.5   1 33.0 -55.6 166   6 623.8 623.8 321.6 623.9  0.01
 78   24 25342 -55.5 -87.5   1 32.0 -57.3 127  12 632.4 632.4 322.0 632.5  0.01
 79   24 25342 -53.9 -86.9   1 33.0 -56.1 127  12 637.1 637.1 322.2 637.1  0.01
 80   23 25614 -55.5 -87.5   1 32.0 -57.4 137  13 640.2 640.2 322.3 640.2  0.01
 81   21 26196 -53.1 -86.1   1 33.0 -55.6 180   7 664.3 664.3 323.2 664.4  0.01
 82   20 26510 -53.7 -86.7   1 33.0 -56.2 180   2 671.8 671.8 323.5 671.9  0.01
 83   18 27188 -54.7 -87.7   1 33.0 -57.2 161   6 689.2 689.2 324.1 689.3  0.01
 84   15 28366 -51.3 -84.3   1 33.0 -55.1 170  14 737.4 737.4 325.6 737.6  0.02
 85   13 29303 -49.3 -83.3   1 34.0 -54.2 248  14 775.1 775.1 326.6 775.4  0.03
 86   12 29831 -46.9 -81.9   1 35.0 -53.0 273  14 801.6 801.6 327.3 801.9  0.04
 87   11 30411 -45.3 -80.3   1 35.0 -52.5 300  14 827.6 827.6 327.9 828.1  0.06
 88   10 31050 -43.9 -79.9   1 36.0 -52.1 330  14 855.7 855.7 328.5 856.4  0.07
 89  8.9 31830 -45.5 -80.5   1 35.0 -53.4         878.5 878.5 329.0 879.2  0.07
 90  7.6 32896 -39.7 -76.7   1 37.0 -51.4         942.5 942.6 330.2 944.2  0.15
 91  7.1 33362 -38.9 -75.9   1 37.0 -51.4         964.3 964.4 330.6 966.4  0.18
TRP  197 12183 -64.1 -71.1  38  7.0 -64.1 325  86 332.7 332.7 292.4 332.7  0.01
WND  213 11700 -59.5 -66.5  40  7.0 -59.6 330  88 332.4 332.4 292.4 332.5  0.02